4503
RECT
2019
1
1
10
100
5016
FUNI
2019
1
1
12
20
2434
4FUN
2019
2
1
10
100
1650
RATING
2019
1
1
10
100
4398
RATING
2019
1
2
10
200
1135
WERA
2019
1
1
10
200
2285
JKUU
2019
1
1
20
21
4400
QDAA
2019
1
1
10
100
5252
D16CQCN
2019
1
1
20
30
3182
VV343
2019
1
1
10
200
1025
D16CQCN
2019
1
2
10
20
2246
GHIS
2019
1
1
10
220
4763
OOP
2019
1
1
20
300
3874
JAVASCR
2019
1
1
20
50
2521
JAVA
2019
2
12
10
20
3941
PYTHONS
2019
2
2
10
300
